2007 [20030, 20031, 20032, 20181, 20182, 20183, 20184, 20185, 20186, 20685, 20985, 21195, 21231]
2008 [20188, 20259, 20463, 21161, 21231]
2009 [20150, 20193, 20710, 21231]
2010 [20311, 20500, 21231]
2011 [20466, 20467, 20468, 21231]
2012 [20008, 20196, 20280, 20460, 20582, 20583, 20584, 20586, 20590, 20591, 20629, 20721]
2013 [21047, 21231]
2014 [21231]
2015 [20539, 20962, 21231]
2016 [20289, 21231]
2017 [20880, 20970, 21272] DONE
2018 [20494, 21272]
2019 [20713, 21083, 21084, 21085, 21086, 21087, 21088, 21089, 21090, 21091, 21092, 21093]
2020 [20869]
2021 [21147, 21313]
2022 [20320, 20547, 21061]